---Branch And Bound Simplex---

Sub-probelm 7: Root + x3 <= 6 + x6 <= 0 + x2 <= 0 + x4 <= 0 + x5 <= 0 + x1 <= 0
Integer-feasible - candidate found, Z = 18,000
 All iterations

Initial Tableau
  x1  x2  x3  x4  x5  x6  s1  s2  s3  s4  s5  s6  s7  RHS
  -2  -3  -3  -5  -2  -4   0   0   0   0   0   0   0    0
  11   8   6  14  10  10   1   0   0   0   0   0   0   40
   0   0   1   0   0   0   0   1   0   0   0   0   0    6
   0   0   0   0   0   1   0   0   1   0   0   0   0    0
   0   1   0   0   0   0   0   0   0   1   0   0   0    0
   0   0   0   1   0   0   0   0   0   0   1   0   0    0
   0   0   0   0   1   0   0   0   0   0   0   1   0    0
   1   0   0   0   0   0   0   0   0   0   0   0   1    0

==================================================
Iteration 1
  x1  x2  x3  x4  x5  x6  s1  s2  s3  s4   s5  s6  s7  RHS
  -2  -3  -3   0  -2  -4   0   0   0   0    5   0   0    0
  11   8   6   0  10  10   1   0   0   0  -14   0   0   40
   0   0   1   0   0   0   0   1   0   0    0   0   0    6
   0   0   0   0   0   1   0   0   1   0    0   0   0    0
   0   1   0   0   0   0   0   0   0   1    0   0   0    0
   0   0   0   1   0   0   0   0   0   0    1   0   0    0
   0   0   0   0   1   0   0   0   0   0    0   1   0    0
   1   0   0   0   0   0   0   0   0   0    0   0   1    0

==================================================
Iteration 2
  x1  x2  x3  x4  x5  x6  s1  s2   s3  s4   s5  s6  s7  RHS
  -2  -3  -3   0  -2   0   0   0    4   0    5   0   0    0
  11   8   6   0  10   0   1   0  -10   0  -14   0   0   40
   0   0   1   0   0   0   0   1    0   0    0   0   0    6
   0   0   0   0   0   1   0   0    1   0    0   0   0    0
   0   1   0   0   0   0   0   0    0   1    0   0   0    0
   0   0   0   1   0   0   0   0    0   0    1   0   0    0
   0   0   0   0   1   0   0   0    0   0    0   1   0    0
   1   0   0   0   0   0   0   0    0   0    0   0   1    0

==================================================
Iteration 3
  x1  x2  x3  x4  x5  x6  s1  s2   s3  s4   s5  s6  s7  RHS
  -2   0  -3   0  -2   0   0   0    4   3    5   0   0    0
  11   0   6   0  10   0   1   0  -10  -8  -14   0   0   40
   0   0   1   0   0   0   0   1    0   0    0   0   0    6
   0   0   0   0   0   1   0   0    1   0    0   0   0    0
   0   1   0   0   0   0   0   0    0   1    0   0   0    0
   0   0   0   1   0   0   0   0    0   0    1   0   0    0
   0   0   0   0   1   0   0   0    0   0    0   1   0    0
   1   0   0   0   0   0   0   0    0   0    0   0   1    0

==================================================
Iteration 4
  x1  x2  x3  x4  x5  x6  s1  s2   s3  s4   s5  s6  s7  RHS
  -2   0   0   0  -2   0   0   3    4   3    5   0   0   18
  11   0   0   0  10   0   1  -6  -10  -8  -14   0   0    4
   0   0   1   0   0   0   0   1    0   0    0   0   0    6
   0   0   0   0   0   1   0   0    1   0    0   0   0    0
   0   1   0   0   0   0   0   0    0   1    0   0   0    0
   0   0   0   1   0   0   0   0    0   0    1   0   0    0
   0   0   0   0   1   0   0   0    0   0    0   1   0    0
   1   0   0   0   0   0   0   0    0   0    0   0   1    0

==================================================
Iteration 5
  x1  x2  x3  x4  x5  x6  s1  s2   s3  s4   s5  s6   s7  RHS
   0   0   0   0  -2   0   0   3    4   3    5   0    2   18
   0   0   0   0  10   0   1  -6  -10  -8  -14   0  -11    4
   0   0   1   0   0   0   0   1    0   0    0   0    0    6
   0   0   0   0   0   1   0   0    1   0    0   0    0    0
   0   1   0   0   0   0   0   0    0   1    0   0    0    0
   0   0   0   1   0   0   0   0    0   0    1   0    0    0
   0   0   0   0   1   0   0   0    0   0    0   1    0    0
   1   0   0   0   0   0   0   0    0   0    0   0    1    0

==================================================
Iteration 6
  x1  x2  x3  x4  x5  x6  s1  s2   s3  s4   s5   s6   s7  RHS
   0   0   0   0   0   0   0   3    4   3    5    2    2   18
   0   0   0   0   0   0   1  -6  -10  -8  -14  -10  -11    4
   0   0   1   0   0   0   0   1    0   0    0    0    0    6
   0   0   0   0   0   1   0   0    1   0    0    0    0    0
   0   1   0   0   0   0   0   0    0   1    0    0    0    0
   0   0   0   1   0   0   0   0    0   0    1    0    0    0
   0   0   0   0   1   0   0   0    0   0    0    1    0    0
   1   0   0   0   0   0   0   0    0   0    0    0    1    0

==================================================

Sub-probelm 8: Root + x3 <= 6 + x6 <= 0 + x2 <= 0 + x4 <= 0 + x5 <= 0 + x1 >= 1
fathomed - bound 2,000 cannot beat current best 18,000.
 All iterations

Initial Tableau
  x1  x2  x3  x4  x5  x6  s1  s2  s3  s4  s5  s6  e7  RHS
  -2  -3  -3  -5  -2  -4   0   0   0   0   0   0   0    0
  11   8   6  14  10  10   1   0   0   0   0   0   0   40
   0   0   1   0   0   0   0   1   0   0   0   0   0    6
   0   0   0   0   0   1   0   0   1   0   0   0   0    0
   0   1   0   0   0   0   0   0   0   1   0   0   0    0
   0   0   0   1   0   0   0   0   0   0   1   0   0    0
   0   0   0   0   1   0   0   0   0   0   0   1   0    0
  -1  -0  -0  -0  -0  -0   0   0   0   0   0   0   1   -1

==================================================
Iteration 1
  x1  x2  x3  x4  x5  x6  s1  s2  s3  s4  s5  s6  e7  RHS
   0  -3  -3  -5  -2  -4   0   0   0   0   0   0  -2    2
   0   8   6  14  10  10   1   0   0   0   0   0  11   29
   0   0   1   0   0   0   0   1   0   0   0   0   0    6
   0   0   0   0   0   1   0   0   1   0   0   0   0    0
   0   1   0   0   0   0   0   0   0   1   0   0   0    0
   0   0   0   1   0   0   0   0   0   0   1   0   0    0
   0   0   0   0   1   0   0   0   0   0   0   1   0    0
   1   0   0   0   0   0  -0  -0  -0  -0  -0  -0  -1    1

==================================================

Sub-probelm 9: Root + x3 <= 6 + x6 <= 0 + x2 <= 0 + x4 <= 0 + x5 >= 1
fathomed - bound 2,000 cannot beat current best 18,000.
 All iterations

Initial Tableau
  x1  x2  x3  x4  x5  x6  s1  s2  s3  s4  s5  e6  RHS
  -2  -3  -3  -5  -2  -4   0   0   0   0   0   0    0
  11   8   6  14  10  10   1   0   0   0   0   0   40
   0   0   1   0   0   0   0   1   0   0   0   0    6
   0   0   0   0   0   1   0   0   1   0   0   0    0
   0   1   0   0   0   0   0   0   0   1   0   0    0
   0   0   0   1   0   0   0   0   0   0   1   0    0
  -0  -0  -0  -0  -1  -0   0   0   0   0   0   1   -1

==================================================
Iteration 1
  x1  x2  x3  x4  x5  x6  s1  s2  s3  s4  s5  e6  RHS
  -2  -3  -3  -5   0  -4   0   0   0   0   0  -2    2
  11   8   6  14   0  10   1   0   0   0   0  10   30
   0   0   1   0   0   0   0   1   0   0   0   0    6
   0   0   0   0   0   1   0   0   1   0   0   0    0
   0   1   0   0   0   0   0   0   0   1   0   0    0
   0   0   0   1   0   0   0   0   0   0   1   0    0
   0   0   0   0   1   0  -0  -0  -0  -0  -0  -1    1

==================================================

Sub-probelm 10: Root + x3 <= 6 + x6 <= 0 + x2 <= 0 + x4 >= 1
fathomed - bound 5,000 cannot beat current best 18,000.
 All iterations

Initial Tableau
  x1  x2  x3  x4  x5  x6  s1  s2  s3  s4  e5  RHS
  -2  -3  -3  -5  -2  -4   0   0   0   0   0    0
  11   8   6  14  10  10   1   0   0   0   0   40
   0   0   1   0   0   0   0   1   0   0   0    6
   0   0   0   0   0   1   0   0   1   0   0    0
   0   1   0   0   0   0   0   0   0   1   0    0
  -0  -0  -0  -1  -0  -0   0   0   0   0   1   -1

==================================================
Iteration 1
  x1  x2  x3  x4  x5  x6  s1  s2  s3  s4  e5  RHS
  -2  -3  -3   0  -2  -4   0   0   0   0  -5    5
  11   8   6   0  10  10   1   0   0   0  14   26
   0   0   1   0   0   0   0   1   0   0   0    6
   0   0   0   0   0   1   0   0   1   0   0    0
   0   1   0   0   0   0   0   0   0   1   0    0
   0   0   0   1   0   0  -0  -0  -0  -0  -1    1

==================================================

Sub-probelm 11: Root + x3 <= 6 + x6 <= 0 + x2 >= 1
fathomed - bound 3,000 cannot beat current best 18,000.
 All iterations

Initial Tableau
  x1  x2  x3  x4  x5  x6  s1  s2  s3  e4  RHS
  -2  -3  -3  -5  -2  -4   0   0   0   0    0
  11   8   6  14  10  10   1   0   0   0   40
   0   0   1   0   0   0   0   1   0   0    6
   0   0   0   0   0   1   0   0   1   0    0
  -0  -1  -0  -0  -0  -0   0   0   0   1   -1

==================================================
Iteration 1
  x1  x2  x3  x4  x5  x6  s1  s2  s3  e4  RHS
  -2   0  -3  -5  -2  -4   0   0   0  -3    3
  11   0   6  14  10  10   1   0   0   8   32
   0   0   1   0   0   0   0   1   0   0    6
   0   0   0   0   0   1   0   0   1   0    0
   0   1   0   0   0   0  -0  -0  -0  -1    1

==================================================

Sub-probelm 12: Root + x3 <= 6 + x6 >= 1
fathomed - bound 4,000 cannot beat current best 18,000.
 All iterations

Initial Tableau
  x1  x2  x3  x4  x5  x6  s1  s2  e3  RHS
  -2  -3  -3  -5  -2  -4   0   0   0    0
  11   8   6  14  10  10   1   0   0   40
   0   0   1   0   0   0   0   1   0    6
  -0  -0  -0  -0  -0  -1   0   0   1   -1

==================================================
Iteration 1
  x1  x2  x3  x4  x5  x6  s1  s2  e3  RHS
  -2  -3  -3  -5  -2   0   0   0  -4    4
  11   8   6  14  10   0   1   0  10   30
   0   0   1   0   0   0   0   1   0    6
   0   0   0   0   0   1  -0  -0  -1    1

==================================================

Sub-probelm 13: Root + x3 >= 7
Integer-feasible - candidate found, Z = 21,000
 All iterations

Initial Tableau
  x1  x2  x3  x4  x5  x6  s1  e2  RHS
  -2  -3  -3  -5  -2  -4   0   0    0
  11   8   6  14  10  10   1   0   40
  -0  -0  -1  -0  -0  -0   0   1   -7

==================================================
Iteration 1
  x1  x2  x3  x4  x5  x6  s1  e2  RHS
  -2  -3   0  -5  -2  -4   0  -3   21
  11   8   0  14  10  10   1   6   -2
   0   0   1   0   0   0  -0  -1    7

==================================================

===BEST candidate===
x1=0,000
x2=0,000
x3=7,000
x4=0,000
x5=0,000
x6=0,000
Z= 21,000
