---PRIMAL SIMPLEX – ALL ITERATIONS---

Initial Tableau
   x1  x2  x3   x4   x5  x6  s1  e2  s3  e4  RHS
   -2  -3  -3   -5   -2  -4   0   0   0   0    0
   11   8   6   14   10  10   1   0   0   0   40
  -11   4  -6   14  -10   5   0   1   0   0  -30
    6  -4  -4  -14    8  -5   0   0   1   0   20
   -6   4   4   14   -8   5   0   0   0   1  -20

==================================================
Iteration 1
                   x1                   x2                    x3  x4                   x5                   x6  s1                   e2  s3  e4                  RHS
   -5,928571428571429  -1,5714285714285716    -5,142857142857142   0   -5,571428571428571  -2,2142857142857144   0   0,3571428571428571   0   0  -10,714285714285714
                   22                    4                    12   0                   20                    5   1                   -1   0   0                   70
  -0,7857142857142857   0,2857142857142857  -0,42857142857142855   1  -0,7142857142857143  0,35714285714285715   0  0,07142857142857142   0   0   -2,142857142857143
                   -5                    0                   -10   0                   -2                    0   0                    1   1   0                  -10
                    5                    0                    10   0                    2                    0   0                   -1   0   1                   10

==================================================
Iteration 2
  x1                   x2                  x3  x4                   x5                   x6  s1                    e2  s3                   e4                  RHS
   0  -1,5714285714285716   6,714285714285715   0  -3,1999999999999997  -2,2142857142857144   0   -0,8285714285714286   0   1,1857142857142857   1,1428571428571441
   0                    4                 -32   0                 11,2                    5   1    3,4000000000000004   0                 -4,4                   26
   0   0,2857142857142857  1,1428571428571428   1                 -0,4  0,35714285714285715   0  -0,08571428571428572   0  0,15714285714285714  -0,5714285714285714
   0                    0                   0   0                    0                    0   0                     0   1                    1                    0
   1                    0                   2   0                  0,4                    0   0                  -0,2   0                  0,2                    2

==================================================
Iteration 3
  x1                    x2                      x3  x4  x5                   x6                    s1                    e2  s3                       e4                 RHS
   0   -0,4285714285714288      -2,428571428571427   0   0  -0,7857142857142858    0,2857142857142857    0,1428571428571428   0      -0,0714285714285714   8,571428571428573
   0   0,35714285714285715      -2,857142857142857   0   1  0,44642857142857145   0,08928571428571429    0,3035714285714286   0      -0,3928571428571429  2,3214285714285716
   0    0,4285714285714286  -2,220446049250313E-16   1   0   0,5357142857142858   0,03571428571428572  0,035714285714285726   0  -2,7755575615628914E-17  0,3571428571428573
   0                     0                       0   0   0                    0                     0                     0   1                        1                   0
   1  -0,14285714285714288      3,1428571428571432   0   0  -0,1785714285714286  -0,03571428571428572  -0,32142857142857145   0       0,3571428571428572  1,0714285714285712

==================================================
Iteration 4
                     x1                     x2  x3  x4  x5                    x6                     s1                    e2  s3                       e4                 RHS
      0,772727272727272    -0,5389610389610392   0   0   0   -0,9237012987012987    0,25811688311688313   -0,1055194805194804   0      0,20454545454545442    9,39935064935065
      0,909090909090909    0,22727272727272727   0   0   1   0,28409090909090906   0,056818181818181816  0,011363636363636409   0     -0,06818181818181818  3,2954545454545454
  7,065055611250995E-17     0,4285714285714286   0   1   0    0,5357142857142858    0,03571428571428572  0,035714285714285705   0  -2,5232341468753535E-18  0,3571428571428574
                      0                      0   0   0   0                     0                      0                     0   1                        1                   0
     0,3181818181818181  -0,045454545454545456   1   0   0  -0,05681818181818182  -0,011363636363636364  -0,10227272727272727   0      0,11363636363636365  0,3409090909090908

==================================================
Iteration 5
                      x1                      x2  x3                   x4  x5  x6                     s1                      e2  s3                      e4                 RHS
      0,7727272727272722     0,19999999999999973   0    1,724242424242424   0   0     0,3196969696969697    -0,04393939393939385   0     0,20454545454545442  10,015151515151516
       0,909090909090909  2,7755575615628914E-17   0  -0,5303030303030302   1   0    0,03787878787878788  -0,0075757575757575205   0    -0,06818181818181818   3,106060606060606
  1,3188103807668522E-16      0,7999999999999999   0   1,8666666666666663   0   1    0,06666666666666667     0,06666666666666664   0  -4,710037074167326E-18   0,666666666666667
                       0                       0   0                    0   0   0                      0                       0   1                       1                   0
      0,3181818181818181                       0   1  0,10606060606060605   0   0  -0,007575757575757576    -0,09848484848484848   0     0,11363636363636365  0,3787878787878787

==================================================
Iteration 6
                     x1                  x2  x3                    x4  x5                   x6                   s1  e2  s3                      e4                 RHS
     0,7727272727272723  0,7272727272727261   0     2,954545454545452   0   0,6590909090909081   0,3636363636363636   0   0     0,20454545454545442  10,454545454545455
      0,909090909090909  0,0909090909090903   0  -0,31818181818181956   1  0,11363636363636286   0,0454545454545454   0   0    -0,06818181818181818   3,181818181818181
  1,978215571150279E-15  12,000000000000004   0    28,000000000000007   0   15,000000000000007   1,0000000000000004   1   0  -7,065055611250991E-17  10,000000000000009
                      0                   0   0                     0   0                    0                    0   0   1                       1                   0
    0,31818181818181834   1,181818181818182   1     2,863636363636364   0    1,477272727272728  0,09090909090909094   0   0     0,11363636363636363  1,3636363636363642

==================================================

---Optimal Tableau---
x1: 0
x2: 0
x3: 1,364
x4: 0
x5: 3,182
x6: 0
Z: 10,455

