Change selected constraint rhs value,C1,80, 
 Initial Tableau
   x1  x2  x3   x4   x5  x6  s1  e2  s3  e4  RHS
   -2  -3  -3   -5   -2  -4   0   0   0   0    0
   11   8   6   14   10  10   1   0   0   0   80
  -11   4  -6   14  -10   5   0   1   0   0  -30
    6  -4  -4  -14    8  -5   0   0   1   0   20
   -6   4   4   14   -8   5   0   0   0   1  -20

==================================================
Iteration 1
                   x1                   x2                    x3  x4                   x5                   x6  s1                   e2  s3  e4                  RHS
   -5,928571428571429  -1,5714285714285716    -5,142857142857142   0   -5,571428571428571  -2,2142857142857144   0   0,3571428571428571   0   0  -10,714285714285714
                   22                    4                    12   0                   20                    5   1                   -1   0   0                  110
  -0,7857142857142857   0,2857142857142857  -0,42857142857142855   1  -0,7142857142857143  0,35714285714285715   0  0,07142857142857142   0   0   -2,142857142857143
                   -5                    0                   -10   0                   -2                    0   0                    1   1   0                  -10
                    5                    0                    10   0                    2                    0   0                   -1   0   1                   10

==================================================
Iteration 2
  x1                   x2                  x3  x4                   x5                   x6  s1                    e2  s3                   e4                  RHS
   0  -1,5714285714285716   6,714285714285715   0  -3,1999999999999997  -2,2142857142857144   0   -0,8285714285714286   0   1,1857142857142857   1,1428571428571441
   0                    4                 -32   0                 11,2                    5   1    3,4000000000000004   0                 -4,4                   66
   0   0,2857142857142857  1,1428571428571428   1                 -0,4  0,35714285714285715   0  -0,08571428571428572   0  0,15714285714285714  -0,5714285714285714
   0                    0                   0   0                    0                    0   0                     0   1                    1                    0
   1                    0                   2   0                  0,4                    0   0                  -0,2   0                  0,2                    2

==================================================
Iteration 3
                 x1                   x2                  x3  x4  x5                   x6  s1                   e2  s3                   e4                 RHS
  7,999999999999999  -1,5714285714285716  22,714285714285715   0   0  -2,2142857142857144   0  -2,4285714285714284   0   2,7857142857142856  17,142857142857142
                -28                    4                 -88   0   0                    5   1                    9   0                  -10                  10
                  1   0,2857142857142857   3,142857142857143   1   0  0,35714285714285715   0  -0,2857142857142857   0  0,35714285714285715  1,4285714285714286
                  0                    0                   0   0   0                    0   0                    0   1                    1                   0
                2,5                    0                   5   0   1                    0   0                 -0,5   0                  0,5                   5

==================================================
Iteration 4
                   x1                   x2                   x3  x4  x5                   x6                    s1  e2  s3                    e4                 RHS
  0,44444444444444375  -0,4920634920634923  -1,0317460317460316   0   0  -0,8650793650793653    0,2698412698412698   0   0   0,08730158730158744  19,841269841269842
   -3,111111111111111   0,4444444444444444   -9,777777777777779   0   0   0,5555555555555556    0,1111111111111111   1   0   -1,1111111111111112  1,1111111111111112
  0,11111111111111116   0,4126984126984127  0,34920634920634885   1   0   0,5158730158730158  0,031746031746031744   0   0   0,03968253968253971   1,746031746031746
                    0                    0                    0   0   0                    0                     0   0   1                     1                   0
   0,9444444444444444   0,2222222222222222  0,11111111111111072   0   1   0,2777777777777778   0,05555555555555555   0   0  -0,05555555555555558   5,555555555555555

==================================================
Iteration 5
                     x1                   x2  x3                    x4  x5                   x6                   s1  e2  s3                      e4                 RHS
     0,7727272727272725   0,7272727272727282   0    2,9545454545454573   0   0,6590909090909101   0,3636363636363637   0   0     0,20454545454545486  25,000000000000007
  4,440892098500626E-15   12,000000000000012   0     28,00000000000003   0   15,000000000000014   1,0000000000000009   1   0  1,9984014443252818E-15   50,00000000000006
     0,3181818181818186    1,181818181818183   1    2,8636363636363664   0   1,4772727272727286    0,090909090909091   0   0     0,11363636363636383   5,000000000000005
                      0                    0   0                     0   0                    0                    0   0   1                       1                   0
     0,9090909090909092  0,09090909090909124   0  -0,31818181818181734   1  0,11363636363636409  0,04545454545454548   0   0    -0,06818181818181818   5,000000000000001

==================================================
,---SENSITIVITY ANALYSIS ITERATIONS---